# 0 => ICE/787/E:BNP
# 1 => ICE/EQUITY_L2_973/E:BNP

2021-11-01T14:00:51.0365000Z [1] [BOOK]
         0         35    59.5300    59.5400        258          0
         1        837    59.5200    59.5500      1,523          1
         2        404    59.5100    59.5600      1,606          2
         3      1,450    59.5000    59.5700        890          3
         4        920    59.4900    59.5800        943          4
         5        736    59.4800    59.5900      1,178          5
         6      1,044    59.4700    59.6000        803          6
         7        380    59.4600    59.6100      2,160          7
         8      1,670    59.4500    59.6200        828          8
         9        287    59.4400    59.6300        978          9

2021-11-01T14:00:51.0365000Z [1] [BOOK]
                                    59.5400        319          0

2021-11-01T14:00:51.0365000Z [1] [BOOK]
                                    59.5400        258          0

2021-11-01T14:00:51.1174000Z [1] [BOOK]
                                    59.5400        319          0

2021-11-01T14:00:51.1380000Z [1] [BOOK]
         1        546    59.5200                                 

2021-11-01T14:00:51.1380000Z [1] [BOOK]
         2        695    59.5100                                 

2021-11-01T14:00:51.1785000Z [1] [BOOK]
                                    59.5500      1,672          1

2021-11-01T14:00:51.1999000Z [1] [BOOK]
         0        546    59.5200                                 
         1        695    59.5100                                 
         2      1,450    59.5000                                 
         3        920    59.4900                                 
         4        736    59.4800                                 
         5      1,044    59.4700                                 
         6        380    59.4600                                 
         7      1,670    59.4500                                 
         8        287    59.4400                                 
         9        977    59.4300                                 

2021-11-01T14:00:51.1999000Z [1] [BOOK]
         0        421    59.5200                                 

2021-11-01T14:00:51.1999000Z [1] [BOOK]
         0        383    59.5200                                 

2021-11-01T14:00:51.1999000Z [1] [BOOK]
         0        319    59.5200                                 

2021-11-01T14:00:51.1999000Z [1] [BOOK]
         0        124    59.5200                                 

2021-11-01T14:00:51.1999000Z [1] [BOOK]
         0        695    59.5100                                 
         1      1,450    59.5000                                 
         2        920    59.4900                                 
         3        736    59.4800                                 
         4      1,044    59.4700                                 
         5        380    59.4600                                 
         6      1,670    59.4500                                 
         7        287    59.4400                                 
         8        977    59.4300                                 
         9        287    59.4200                                 

2021-11-01T14:00:51.1999000Z [1] [BOOK]
                                    59.5300        305          0
                                    59.5400        319          1
                                    59.5500      1,672          2
                                    59.5600      1,606          3
                                    59.5700        890          4
                                    59.5800        943          5
                                    59.5900      1,178          6
                                    59.6000        803          7
                                    59.6100      2,160          8
                                    59.6200        828          9

2021-11-01T14:00:51.1999000Z [1] [BOOK]
                                    59.5400        380          1

2021-11-01T14:00:51.1999000Z [1] [BOOK]
                                    59.5400        496          1

2021-11-01T14:00:51.1999000Z [1] [BOOK]
                                    59.5700        974          4

2021-11-01T14:00:51.1999000Z [1] [BOOK]
         0        586    59.5100                                 

2021-11-01T14:00:51.1999000Z [1] [BOOK]
         2        836    59.4900                                 

2021-11-01T14:00:51.1999000Z [1] [BOOK]
                                    59.5400        691          1

2021-11-01T14:00:51.1999000Z [1] [BOOK]
                                    59.5300        403          0

2021-11-01T14:00:51.1999000Z [1] [BOOK]
                                    59.5500      1,608          2

2021-11-01T14:00:51.1999000Z [1] [BOOK]
                                    59.5500      1,570          2

2021-11-01T14:00:51.1999000Z [1] [BOOK]
                                    59.5300        463          0

2021-11-01T14:00:51.1999000Z [1] [BOOK]
         1      1,349    59.5000                                 

2021-11-01T14:00:51.1999000Z [1] [BOOK]
         1      1,175    59.5000                                 

2021-11-01T14:00:51.1999000Z [1] [BOOK]
         1        982    59.5000                                 

2021-11-01T14:00:51.1999000Z [1] [BOOK]
         0        295    59.5100                                 

2021-11-01T14:00:51.1999000Z [1] [BOOK]
         2      1,127    59.4900                                 

2021-11-01T14:00:51.1999000Z [1] [BOOK]
         2      1,026    59.4900                                 

2021-11-01T14:00:51.1999000Z [1] [BOOK]
                                    59.5300        579          0

2021-11-01T14:00:51.1999000Z [1] [BOOK]
         1        744    59.5000                                 

2021-11-01T14:00:51.1999000Z [1] [BOOK]
         2      1,142    59.4900                                 

2021-11-01T14:00:51.1999000Z [1] [BOOK]
         1        635    59.5000                                 

2021-11-01T14:00:51.1999000Z [1] [BOOK]
         0        100    59.5100                                 

2021-11-01T14:00:51.1999000Z [1] [BOOK]
                                    59.5300        709          0

2021-11-01T14:00:51.1999000Z [1] [BOOK]
         0        225    59.5100                                 

2021-11-01T14:00:51.1999000Z [1] [BOOK]
         0        125    59.5100                                 

2021-11-01T14:00:51.1999000Z [1] [BOOK]
         0         37    59.5100                                 

2021-11-01T14:00:51.1999000Z [1] [BOOK]
                                    59.5300        834          0

2021-11-01T14:00:51.1999000Z [1] [BOOK]
                                    59.5200        125          0
                                    59.5300        834          1
                                    59.5400        691          2
                                    59.5500      1,570          3
                                    59.5600      1,606          4
                                    59.5700        974          5
                                    59.5800        943          6
                                    59.5900      1,178          7
                                    59.6000        803          8
                                    59.6100      2,160          9

2021-11-01T14:00:51.1999000Z [1] [BOOK]
         0        635    59.5000                                 
         1      1,142    59.4900                                 
         2        736    59.4800                                 
         3      1,044    59.4700                                 
         4        380    59.4600                                 
         5      1,670    59.4500                                 
         6        287    59.4400                                 
         7        977    59.4300                                 
         8        287    59.4200                                 
         9      3,958    59.4100                                 

2021-11-01T14:00:51.1999000Z [1] [BOOK]
                                    59.5200        241          0

2021-11-01T14:00:51.1999000Z [1] [BOOK]
                                    59.5800      1,033          6

2021-11-01T14:00:51.1999000Z [1] [BOOK]
                                    59.5500      1,654          3

2021-11-01T14:00:51.1999000Z [1] [BOOK]
                                    59.5300      1,029          1

2021-11-01T14:00:51.1999000Z [1] [BOOK]
         2        635    59.4800                                 

2021-11-01T14:00:51.1999000Z [1] [BOOK]
         0        660    59.5000                                 

2021-11-01T14:00:51.1999000Z [1] [BOOK]
                                    59.5400        593          2

2021-11-01T14:00:51.1999000Z [1] [BOOK]
                                    59.5400        532          2

2021-11-01T14:00:51.1999000Z [1] [BOOK]
                                    59.5400        471          2

2021-11-01T14:00:51.1999000Z [1] [BOOK]
                                    59.5300        724          1

2021-11-01T14:00:51.1999000Z [1] [BOOK]
                                    59.6100      2,673          9

2021-11-01T14:00:51.1999000Z [1] [BOOK]
         0        465    59.5000                                 

2021-11-01T14:00:51.1999000Z [1] [BOOK]
         2        751    59.4800                                 

2021-11-01T14:00:51.1999000Z [1] [BOOK]
         1        702    59.4900                                 

2021-11-01T14:00:51.1999000Z [1] [BOOK]
         0         25    59.5000                                 

2021-11-01T14:00:51.1999000Z [1] [BOOK]
                                    59.5200        436          0

2021-11-01T14:00:51.1999000Z [1] [BOOK]
         0        150    59.5000                                 

2021-11-01T14:00:51.1999000Z [1] [BOOK]
         1        586    59.4900                                 

2021-11-01T14:00:51.1999000Z [1] [BOOK]
                                    59.5200        471          0

2021-11-01T14:00:51.1999000Z [0] [TRADE]
35@59.53 Id=1400511836106165953 Condition=0

2021-11-01T14:00:51.1999000Z [0] [TRADE]
125@59.52 Id=1400511836106165952 Condition=0

2021-11-01T14:00:51.1999000Z [0] [TRADE]
38@59.52 Id=1400511836106165952 Condition=0

2021-11-01T14:00:51.1999000Z [0] [TRADE]
64@59.52 Id=1400511836106165952 Condition=0

2021-11-01T14:00:51.1999000Z [0] [TRADE]
124@59.52 Id=1400511836106165952 Condition=0

2021-11-01T14:00:51.1999000Z [0] [TRADE]
100@59.51 Id=1400511843648715951 Condition=0

2021-11-01T14:00:51.1999000Z [0] [TRADE]
88@59.51 Id=1400511844260545951 Condition=0

2021-11-01T14:00:51.1999000Z [0] [TRADE]
25@59.5 Id=140051185992004595 Condition=0

2021-11-01T14:00:51.1999000Z [0] [TRADE]
34@59.5 Id=140051185992004595 Condition=0

2021-11-01T14:00:51.2029000Z [1] [BOOK]
         0        125    59.5000                                 

2021-11-01T14:00:51.2029000Z [1] [BOOK]
         0         91    59.5000                                 

2021-11-01T14:00:51.2029000Z [1] [BOOK]
         1        702    59.4900                                 

2021-11-01T14:00:51.2029000Z [1] [BOOK]
         0        702    59.4900                                 
         1        751    59.4800                                 
         2      1,044    59.4700                                 
         3        380    59.4600                                 
         4      1,670    59.4500                                 
         5        287    59.4400                                 
         6        977    59.4300                                 
         7        287    59.4200                                 
         8      3,958    59.4100                                 
         9        288    59.4000                                 

2021-11-01T14:00:51.2029000Z [1] [BOOK]
         2        960    59.4700                                 

2021-11-01T14:00:51.2029000Z [1] [BOOK]
         0        728    59.4900                                 

2021-11-01T14:00:51.2029000Z [1] [BOOK]
                                    59.5100        130          0
                                    59.5200        471          1
                                    59.5300        724          2
                                    59.5400        471          3
                                    59.5500      1,654          4
                                    59.5600      1,606          5
                                    59.5700        974          6
                                    59.5800      1,033          7
                                    59.5900      1,178          8
                                    59.6000        803          9

2021-11-01T14:00:51.2029000Z [1] [BOOK]
         2        859    59.4700                                 

2021-11-01T14:00:51.2029000Z [1] [BOOK]
                                    59.5100        246          0

2021-11-01T14:00:51.2029000Z [1] [BOOK]
                                    59.5300        664          2

2021-11-01T14:00:51.2029000Z [1] [BOOK]
                                    59.5100        371          0

2021-11-01T14:00:51.2029000Z [1] [BOOK]
                                    59.5100        241          0

2021-11-01T14:00:51.2029000Z [1] [BOOK]
                                    59.5300        566          2

2021-11-01T14:00:51.2029000Z [1] [BOOK]
         1        311    59.4800                                 

2021-11-01T14:00:51.2029000Z [1] [BOOK]
         0        612    59.4900                                 

2021-11-01T14:00:51.2029000Z [1] [BOOK]
         0        728    59.4900                                 

2021-11-01T14:00:51.2029000Z [1] [BOOK]
                                    59.5600      1,285          5

2021-11-01T14:00:51.2029000Z [1] [BOOK]
                                    59.5100        125          0

2021-11-01T14:00:51.2029000Z [1] [BOOK]
         0        853    59.4900                                 

2021-11-01T14:00:51.2029000Z [1] [BOOK]
         2        635    59.4700                                 

2021-11-01T14:00:51.2029000Z [1] [BOOK]
                                    59.5200        764          1

2021-11-01T14:00:51.2446000Z [1] [BOOK]
         0        118    59.5000                                 
         1        853    59.4900                                 
         2        311    59.4800                                 
         3        635    59.4700                                 
         4        380    59.4600                                 
         5      1,670    59.4500                                 
         6        287    59.4400                                 
         7        977    59.4300                                 
         8        287    59.4200                                 
         9      3,958    59.4100                                 

2021-11-01T14:00:51.2446000Z [1] [BOOK]
         2        449    59.4800                                 

2021-11-01T14:00:51.2446000Z [1] [BOOK]
         2        672    59.4800                                 

2021-11-01T14:00:51.2446000Z [1] [BOOK]
                                    59.5200        764          0
                                    59.5300        566          1
                                    59.5400        471          2
                                    59.5500      1,654          3
                                    59.5600      1,285          4
                                    59.5700        974          5
                                    59.5800      1,033          6
                                    59.5900      1,178          7
                                    59.6000        803          8
                                    59.6100      2,673          9

2021-11-01T14:00:51.2446000Z [1] [BOOK]
         1        562    59.4900                                 

2021-11-01T14:00:51.2446000Z [1] [BOOK]
         2        816    59.4800                                 

2021-11-01T14:00:51.2488000Z [0] [TRADE]
125@59.52 Id=1400512271553745952 Condition=0

2021-11-01T14:00:51.2488000Z [0] [TRADE]
116@59.52 Id=1400512271553745952 Condition=0

2021-11-01T14:00:51.2488000Z [0] [TRADE]
195@59.52 Id=1400512271553745952 Condition=0

2021-11-01T14:00:51.2488000Z [0] [TRADE]
35@59.52 Id=1400512271553745952 Condition=0

2021-11-01T14:00:51.2488000Z [0] [TRADE]
293@59.52 Id=1400512271553745952 Condition=0

2021-11-01T14:00:51.2488000Z [0] [TRADE]
125@59.52 Id=1400512287149765952 Condition=0

2021-11-01T14:00:51.2488000Z [0] [TRADE]
81@59.52 Id=1400512287149765952 Condition=0

2021-11-01T14:00:51.2488000Z [0] [TRADE]
130@59.51 Id=1400512316990795951 Condition=0

2021-11-01T14:00:51.2512000Z [1] [BOOK]
                                    59.5200        639          0

2021-11-01T14:00:51.2512000Z [1] [BOOK]
                                    59.5200        523          0

2021-11-01T14:00:51.2512000Z [1] [BOOK]
                                    59.5200        328          0

2021-11-01T14:00:51.2512000Z [1] [BOOK]
                                    59.5200        293          0

2021-11-01T14:00:51.2512000Z [1] [BOOK]
                                    59.5300        566          0
                                    59.5400        471          1
                                    59.5500      1,654          2
                                    59.5600      1,285          3
                                    59.5700        974          4
                                    59.5800      1,033          5
                                    59.5900      1,178          6
                                    59.6000        803          7
                                    59.6100      2,673          8
                                    59.6200        828          9

2021-11-01T14:00:51.2512000Z [1] [BOOK]
         0         59    59.5100                                 
         1        118    59.5000                                 
         2        562    59.4900                                 
         3        816    59.4800                                 
         4        635    59.4700                                 
         5        380    59.4600                                 
         6      1,670    59.4500                                 
         7        287    59.4400                                 
         8        977    59.4300                                 
         9        287    59.4200                                 

2021-11-01T14:00:51.2512000Z [1] [BOOK]
         4        719    59.4700                                 

2021-11-01T14:00:51.2512000Z [1] [BOOK]
         1        234    59.5000                                 

2021-11-01T14:00:51.2512000Z [1] [BOOK]
         0        234    59.5000                                 
         1        562    59.4900                                 
         2        816    59.4800                                 
         3        719    59.4700                                 
         4        380    59.4600                                 
         5      1,670    59.4500                                 
         6        287    59.4400                                 
         7        977    59.4300                                 
         8        287    59.4200                                 
         9      3,958    59.4100                                 

2021-11-01T14:00:51.2512000Z [1] [BOOK]
                                    59.5200        125          0
                                    59.5300        566          1
                                    59.5400        471          2
                                    59.5500      1,654          3
                                    59.5600      1,285          4
                                    59.5700        974          5
                                    59.5800      1,033          6
                                    59.5900      1,178          7
                                    59.6000        803          8
                                    59.6100      2,673          9

2021-11-01T14:00:51.2512000Z [1] [BOOK]
         0        429    59.5000                                 

2021-11-01T14:00:51.2512000Z [1] [BOOK]
                                    59.5200        206          0

2021-11-01T14:00:51.2512000Z [1] [BOOK]
         0        554    59.5000                                 

2021-11-01T14:00:51.2512000Z [1] [BOOK]
                                    59.5200         81          0

2021-11-01T14:00:51.2512000Z [1] [BOOK]
                                    59.5300        566          0
                                    59.5400        471          1
                                    59.5500      1,654          2
                                    59.5600      1,285          3
                                    59.5700        974          4
                                    59.5800      1,033          5
                                    59.5900      1,178          6
                                    59.6000        803          7
                                    59.6100      2,673          8
                                    59.6200        828          9

2021-11-01T14:00:51.2512000Z [1] [BOOK]
         0         34    59.5100                                 
         1        554    59.5000                                 
         2        562    59.4900                                 
         3        816    59.4800                                 
         4        719    59.4700                                 
         5        380    59.4600                                 
         6      1,670    59.4500                                 
         7        287    59.4400                                 
         8        977    59.4300                                 
         9        287    59.4200                                 

2021-11-01T14:00:51.2512000Z [1] [BOOK]
         1        654    59.5000                                 

2021-11-01T14:00:51.2512000Z [1] [BOOK]
                                    59.5500      1,570          2

2021-11-01T14:00:51.2512000Z [1] [BOOK]
         0        654    59.5000                                 
         1        562    59.4900                                 
         2        816    59.4800                                 
         3        719    59.4700                                 
         4        380    59.4600                                 
         5      1,670    59.4500                                 
         6        287    59.4400                                 
         7        977    59.4300                                 
         8        287    59.4200                                 
         9      3,958    59.4100                                 

2021-11-01T14:00:51.2512000Z [1] [BOOK]
                                    59.5300      1,067          0

2021-11-01T14:00:51.2512000Z [1] [BOOK]
                                    59.5300      1,167          0

2021-11-01T14:00:51.2512000Z [1] [BOOK]
         0        130    59.5100                                 
         1        654    59.5000                                 
         2        562    59.4900                                 
         3        816    59.4800                                 
         4        719    59.4700                                 
         5        380    59.4600                                 
         6      1,670    59.4500                                 
         7        287    59.4400                                 
         8        977    59.4300                                 
         9        287    59.4200                                 

2021-11-01T14:00:51.2512000Z [1] [BOOK]
         0        654    59.5000                                 
         1        562    59.4900                                 
         2        816    59.4800                                 
         3        719    59.4700                                 
         4        380    59.4600                                 
         5      1,670    59.4500                                 
         6        287    59.4400                                 
         7        977    59.4300                                 
         8        287    59.4200                                 
         9      3,958    59.4100                                 

2021-11-01T14:00:51.2512000Z [1] [BOOK]
                                    59.5300        972          0

2021-11-01T14:00:51.2846000Z [1] [BOOK]
         0        752    59.5000                                 

2021-11-01T14:00:51.2846000Z [1] [BOOK]
         0        812    59.5000                                 

2021-11-01T14:00:51.2846000Z [1] [BOOK]
                                    59.5300      1,032          0

2021-11-01T14:00:51.2846000Z [1] [BOOK]
                                    59.5700        893          4

2021-11-01T14:00:51.2846000Z [1] [BOOK]
         2        917    59.4800                                 

2021-11-01T14:00:51.2846000Z [1] [BOOK]
                                    59.5500      1,671          2

2021-11-01T14:00:51.2846000Z [1] [BOOK]
                                    59.5300      1,117          0

2021-11-01T14:00:51.2970000Z [1] [BOOK]
                                    59.5300      1,215          0

2021-11-01T14:00:51.2970000Z [1] [BOOK]
                                    59.5300      1,275          0

2021-11-01T14:00:51.2970000Z [1] [BOOK]
         5      2,110    59.4500                                 

2021-11-01T14:00:51.2970000Z [1] [BOOK]
                                    59.5500      1,761          2

2021-11-01T14:00:51.3475000Z [1] [BOOK]
                                    59.5300      1,159          0

2021-11-01T14:00:51.3475000Z [1] [BOOK]
                                    59.5300      1,029          0

2021-11-01T14:00:51.3475000Z [1] [BOOK]
                                    59.5300        904          0

2021-11-01T14:00:51.3475000Z [1] [BOOK]
                                    59.5300        609          0

2021-11-01T14:00:51.3475000Z [1] [BOOK]
         0         55    59.5100                                 
         1        812    59.5000                                 
         2        562    59.4900                                 
         3        917    59.4800                                 
         4        719    59.4700                                 
         5        380    59.4600                                 
         6      2,110    59.4500                                 
         7        287    59.4400                                 
         8        977    59.4300                                 
         9        287    59.4200                                 

2021-11-01T14:00:51.3475000Z [1] [BOOK]
                                    59.5500      1,660          2

2021-11-01T14:00:51.3475000Z [1] [BOOK]
         0        812    59.5000                                 
         1        562    59.4900                                 
         2        917    59.4800                                 
         3        719    59.4700                                 
         4        380    59.4600                                 
         5      2,110    59.4500                                 
         6        287    59.4400                                 
         7        977    59.4300                                 
         8        287    59.4200                                 
         9      3,958    59.4100                                 

2021-11-01T14:00:51.3475000Z [1] [BOOK]
                                    59.6100      2,160          8

2021-11-01T14:00:51.3475000Z [1] [BOOK]
                                    59.5500      1,570          2

2021-11-01T14:00:51.3475000Z [1] [BOOK]
                                    59.5300        549          0

2021-11-01T14:00:51.3475000Z [1] [BOOK]
         0        872    59.5000                                 

2021-11-01T14:00:51.3475000Z [1] [BOOK]
                                    59.5300        343          0

2021-11-01T14:00:51.3475000Z [1] [BOOK]
                                    59.5300        243          0

2021-11-01T14:00:51.3475000Z [1] [BOOK]
                                    59.5300        158          0

2021-11-01T14:00:51.3475000Z [1] [BOOK]
                                    59.5300         60          0

2021-11-01T14:00:51.3475000Z [1] [BOOK]
                                    59.5400        471          0
                                    59.5500      1,570          1
                                    59.5600      1,285          2
                                    59.5700        893          3
                                    59.5800      1,033          4
                                    59.5900      1,178          5
                                    59.6000        803          6
                                    59.6100      2,160          7
                                    59.6200        828          8
                                    59.6300        888          9

2021-11-01T14:00:51.3475000Z [1] [BOOK]
         0         54    59.5100                                 
         1        872    59.5000                                 
         2        562    59.4900                                 
         3        917    59.4800                                 
         4        719    59.4700                                 
         5        380    59.4600                                 
         6      2,110    59.4500                                 
         7        287    59.4400                                 
         8        977    59.4300                                 
         9        287    59.4200                                 

2021-11-01T14:00:51.3475000Z [1] [BOOK]
         0        170    59.5100                                 

2021-11-01T14:00:51.3475000Z [1] [BOOK]
         0        365    59.5100                                 

2021-11-01T14:00:51.3475000Z [1] [BOOK]
         0        311    59.5100                                 

2021-11-01T14:00:51.3475000Z [1] [BOOK]
         0        411    59.5100                                 

2021-11-01T14:00:51.3475000Z [1] [BOOK]
                                    59.5300         42          0
                                    59.5400        471          1
                                    59.5500      1,570          2
                                    59.5600      1,285          3
                                    59.5700        893          4
                                    59.5800      1,033          5
                                    59.5900      1,178          6
                                    59.6000        803          7
                                    59.6100      2,160          8
                                    59.6200        828          9

2021-11-01T14:00:51.3475000Z [1] [BOOK]
                                    59.5300         77          0

2021-11-01T14:00:51.3475000Z [1] [BOOK]
                                    59.5300        177          0

2021-11-01T14:00:51.3475000Z [1] [BOOK]
         0        216    59.5100                                 

2021-11-01T14:00:51.3475000Z [1] [BOOK]
         0        116    59.5100                                 

2021-11-01T14:00:51.3475000Z [1] [BOOK]
         1        812    59.5000                                 

2021-11-01T14:00:51.3475000Z [0] [TRADE]
116@59.53 Id=1400512959709475953 Condition=0

2021-11-01T14:00:51.3475000Z [0] [TRADE]
130@59.53 Id=1400512959709475953 Condition=0

2021-11-01T14:00:51.3475000Z [0] [TRADE]
125@59.53 Id=1400512959709475953 Condition=0

2021-11-01T14:00:51.3475000Z [0] [TRADE]
295@59.53 Id=1400512959709475953 Condition=0

2021-11-01T14:00:51.3475000Z [0] [TRADE]
206@59.53 Id=1400513080340185953 Condition=0

2021-11-01T14:00:51.3475000Z [0] [TRADE]
100@59.53 Id=1400513080340185953 Condition=0

2021-11-01T14:00:51.3475000Z [0] [TRADE]
85@59.53 Id=1400513080340185953 Condition=0

2021-11-01T14:00:51.3475000Z [0] [TRADE]
98@59.53 Id=1400513080340185953 Condition=0

2021-11-01T14:00:51.3475000Z [0] [TRADE]
60@59.53 Id=1400513080340185953 Condition=0

2021-11-01T14:00:51.3822000Z [1] [BOOK]
         0        214    59.5100                                 

2021-11-01T14:00:51.3822000Z [1] [BOOK]
         0        274    59.5100                                 

2021-11-01T14:00:51.3822000Z [1] [BOOK]
         4        820    59.4700                                 

2021-11-01T14:00:51.3822000Z [1] [BOOK]
                                    59.5600      1,386          3

2021-11-01T14:00:51.3822000Z [1] [BOOK]
                                    59.5300        237          0

2021-11-01T14:00:51.4110000Z [0] [TRADE]
116@59.51 Id=1400514021544385951 Condition=0

2021-11-01T14:00:51.4110000Z [0] [TRADE]
98@59.51 Id=1400514021544385951 Condition=0

2021-11-01T14:00:51.4124000Z [1] [BOOK]
                                    59.5300        296          0

2021-11-01T14:00:51.4124000Z [1] [BOOK]
         5        820    59.4600                                 

2021-11-01T14:00:51.4124000Z [1] [BOOK]
                                    59.5300        394          0

2021-11-01T14:00:51.4124000Z [1] [BOOK]
                                    59.5700        983          4

2021-11-01T14:00:51.4124000Z [1] [BOOK]
                                    59.5200        174          0
                                    59.5300        394          1
                                    59.5400        471          2
                                    59.5500      1,570          3
                                    59.5600      1,386          4
                                    59.5700        983          5
                                    59.5800      1,033          6
                                    59.5900      1,178          7
                                    59.6000        803          8
                                    59.6100      2,160          9

2021-11-01T14:00:51.4124000Z [1] [BOOK]
         0        214    59.5100                                 

2021-11-01T14:00:51.4124000Z [1] [BOOK]
         0         98    59.5100                                 

2021-11-01T14:00:51.4124000Z [1] [BOOK]
         0        812    59.5000                                 
         1        562    59.4900                                 
         2        917    59.4800                                 
         3        820    59.4700                                 
         4        820    59.4600                                 
         5      2,110    59.4500                                 
         6        287    59.4400                                 
         7        977    59.4300                                 
         8        287    59.4200                                 
         9      3,958    59.4100                                 

2021-11-01T14:00:51.4124000Z [1] [BOOK]
         0        687    59.5000                                 

2021-11-01T14:00:51.4124000Z [1] [BOOK]
         2        816    59.4800                                 

2021-11-01T14:00:51.4124000Z [1] [BOOK]
                                    59.6100      2,673          9

2021-11-01T14:00:51.4124000Z [1] [BOOK]
                                    59.5300        352          1

2021-11-01T14:00:51.4270000Z [1] [BOOK]
         0        492    59.5000                                 

2021-11-01T14:00:51.4680000Z [1] [BOOK]
                                    59.5500      1,671          3

2021-11-01T14:00:51.4680000Z [1] [BOOK]
                                    59.5200        299          0

2021-11-01T14:00:51.4680000Z [1] [BOOK]
                                    59.5200        334          0

2021-11-01T14:00:51.4680000Z [1] [BOOK]
                                    59.5300        317          1

2021-11-01T14:00:51.4954000Z [1] [BOOK]
                                    59.5200        432          0

2021-11-01T14:00:51.4954000Z [1] [BOOK]
                                    59.5500      1,755          3

2021-11-01T14:00:51.4954000Z [1] [BOOK]
                                    59.5200        532          0

2021-11-01T14:00:51.4954000Z [1] [BOOK]
         1        536    59.4900                                 

2021-11-01T14:00:51.4954000Z [1] [BOOK]
                                    59.5200        591          0

2021-11-01T14:00:51.4954000Z [1] [BOOK]
                                    59.5200        532          0

2021-11-01T14:00:51.4954000Z [1] [BOOK]
                                    59.5200        434          0

2021-11-01T14:00:51.5390000Z [1] [BOOK]
                                    59.5200        532          0

2021-11-01T14:00:51.5390000Z [1] [BOOK]
                                    59.5500      1,845          3

2021-11-01T14:00:51.5488000Z [1] [BOOK]
                                    59.5500      1,838          3

2021-11-01T14:00:51.5488000Z [1] [BOOK]
                                    59.5500      1,541          3

2021-11-01T14:00:51.5488000Z [1] [BOOK]
                                    59.5300        614          1

2021-11-01T14:00:51.8129000Z [0] [TRADE]
118@59.5 Id=140051771241283595 Condition=0

2021-11-01T14:00:51.8129000Z [0] [TRADE]
116@59.5 Id=140051771241283595 Condition=0

2021-11-01T14:00:51.8152000Z [1] [BOOK]
                                    59.5200        591          0

2021-11-01T14:00:51.8152000Z [1] [BOOK]
                                    59.5200        650          0

2021-11-01T14:00:51.8152000Z [1] [BOOK]
                                    59.5100        125          0
                                    59.5200        650          1
                                    59.5300        614          2
                                    59.5400        471          3
                                    59.5500      1,541          4
                                    59.5600      1,386          5
                                    59.5700        983          6
                                    59.5800      1,033          7
                                    59.5900      1,178          8
                                    59.6000        803          9

2021-11-01T14:00:51.8152000Z [1] [BOOK]
         0        394    59.5000                                 

2021-11-01T14:00:51.8152000Z [1] [BOOK]
         0        334    59.5000                                 

2021-11-01T14:00:51.8152000Z [1] [BOOK]
                                    59.5300        554          2

2021-11-01T14:00:51.8152000Z [1] [BOOK]
                                    59.5300        456          2

2021-11-01T14:00:51.8152000Z [1] [BOOK]
                                    59.5300        397          2

2021-11-01T14:00:51.8152000Z [1] [BOOK]
         0        234    59.5000                                 

2021-11-01T14:00:51.8152000Z [1] [BOOK]
         0        116    59.5000                                 

2021-11-01T14:00:51.8152000Z [1] [BOOK]
         0        536    59.4900                                 
         1        816    59.4800                                 
         2        820    59.4700                                 
         3        820    59.4600                                 
         4      2,110    59.4500                                 
         5        287    59.4400                                 
         6        977    59.4300                                 
         7        287    59.4200                                 
         8      3,958    59.4100                                 
         9        288    59.4000                                 

2021-11-01T14:00:51.8152000Z [1] [BOOK]
         0        411    59.4900                                 

2021-11-01T14:00:51.8152000Z [1] [BOOK]
         2        719    59.4700                                 

2021-11-01T14:00:51.8152000Z [1] [BOOK]
                                    59.5200        766          1

2021-11-01T14:00:51.8152000Z [1] [BOOK]
         1        678    59.4800                                 

2021-11-01T14:00:51.8152000Z [1] [BOOK]
         0        509    59.4900                                 

2021-11-01T14:00:51.8152000Z [1] [BOOK]
         1        534    59.4800                                 

2021-11-01T14:00:51.8152000Z [1] [BOOK]
         1        311    59.4800                                 

2021-11-01T14:00:51.8152000Z [1] [BOOK]
         0        609    59.4900                                 

2021-11-01T14:00:51.8152000Z [1] [BOOK]
         5        727    59.4400                                 

2021-11-01T14:00:51.8152000Z [1] [BOOK]
                                    59.5100        160          0

2021-11-01T14:00:51.8152000Z [1] [BOOK]
                                    59.5200        731          1

2021-11-01T14:00:51.8504000Z [1] [BOOK]
         0        668    59.4900                                 

2021-11-01T14:00:51.8504000Z [1] [BOOK]
         0        793    59.4900                                 

2021-11-01T14:00:51.8504000Z [1] [BOOK]
                                    59.5600      1,476          5

2021-11-01T14:00:51.8627000Z [1] [BOOK]
                                    59.5200        672          1

2021-11-01T14:00:51.8627000Z [1] [BOOK]
         0        125    59.5000                                 
         1        793    59.4900                                 
         2        311    59.4800                                 
         3        719    59.4700                                 
         4        820    59.4600                                 
         5      2,110    59.4500                                 
         6        727    59.4400                                 
         7        977    59.4300                                 
         8        287    59.4200                                 
         9      3,958    59.4100                                 

2021-11-01T14:00:51.8627000Z [1] [BOOK]
                                    59.5100         35          0

2021-11-01T14:00:51.8627000Z [1] [BOOK]
                                    59.5200        672          0
                                    59.5300        397          1
                                    59.5400        471          2
                                    59.5500      1,541          3
                                    59.5600      1,476          4
                                    59.5700        983          5
                                    59.5800      1,033          6
                                    59.5900      1,178          7
                                    59.6000        803          8
                                    59.6100      2,548          9

2021-11-01T14:00:51.8627000Z [1] [BOOK]
         0        223    59.5000                                 

2021-11-01T14:00:51.8627000Z [1] [BOOK]
                                    59.5200        613          0

2021-11-01T14:00:51.8627000Z [1] [BOOK]
         0        282    59.5000                                 

2021-11-01T14:00:51.8627000Z [1] [BOOK]
         0        329    59.5000                                 

2021-11-01T14:00:51.8627000Z [1] [BOOK]
                                    59.5300        513          1

2021-11-01T14:00:51.8627000Z [1] [BOOK]
                                    59.5200        515          0

2021-11-01T14:00:51.8819000Z [1] [BOOK]
                                    59.5500      1,457          3

2021-11-01T14:00:51.8819000Z [1] [BOOK]
         3        820    59.4700                                 

2021-11-01T14:00:51.9056000Z [1] [BOOK]
         0        388    59.5000                                 

2021-11-01T14:00:51.9056000Z [1] [BOOK]
                                    59.5200        399          0

2021-11-01T14:00:51.9056000Z [1] [BOOK]
                                    59.5200        274          0

2021-11-01T14:00:51.9056000Z [1] [BOOK]
                                    59.5200        174          0

2021-11-01T14:00:51.9056000Z [1] [BOOK]
                                    59.5500      1,367          3

2021-11-01T14:00:51.9171000Z [1] [BOOK]
         0        583    59.5000                                 

2021-11-01T14:00:51.9171000Z [1] [BOOK]
         0        683    59.5000                                 

2021-11-01T14:00:51.9976000Z [1] [BOOK]
                                    59.5900      1,006          7

2021-11-01T14:00:52.2495000Z [1] [BOOK]
         2        447    59.4800                                 

2021-11-01T14:00:52.2495000Z [1] [BOOK]
                                    59.5200        116          0

2021-11-01T14:00:52.2495000Z [1] [BOOK]
         5      2,343    59.4500                                 

2021-11-01T14:00:52.2495000Z [1] [BOOK]
                                    59.5200        106          0

2021-11-01T14:00:52.2495000Z [1] [BOOK]
         0        150    59.5100                                 
         1        683    59.5000                                 
         2        793    59.4900                                 
         3        447    59.4800                                 
         4        820    59.4700                                 
         5        820    59.4600                                 
         6      2,343    59.4500                                 
         7        727    59.4400                                 
         8        977    59.4300                                 
         9        287    59.4200                                 

2021-11-01T14:00:52.2495000Z [1] [BOOK]
         1        718    59.5000                                 

2021-11-01T14:00:52.2495000Z [1] [BOOK]
         0        275    59.5100                                 

2021-11-01T14:00:52.2495000Z [1] [BOOK]
         2        695    59.4900                                 

2021-11-01T14:00:52.2495000Z [1] [BOOK]
         0        373    59.5100                                 

2021-11-01T14:00:52.2495000Z [1] [BOOK]
         2        636    59.4900                                 

2021-11-01T14:00:52.2495000Z [1] [BOOK]
         0        431    59.5100                                 

2021-11-01T14:00:52.2495000Z [1] [BOOK]
                                    59.6100      2,035          9

2021-11-01T14:00:52.2495000Z [1] [BOOK]
         0        373    59.5100                                 

2021-11-01T14:00:52.2495000Z [1] [BOOK]
         2        778    59.4900                                 

2021-11-01T14:00:52.2495000Z [1] [BOOK]
         2      1,013    59.4900                                 

2021-11-01T14:00:52.2508000Z [0] [TRADE]
58@59.52 Id=1400522082378475952 Condition=0

2021-11-01T14:00:52.2508000Z [0] [TRADE]
10@59.52 Id=1400522083017205952 Condition=0

2021-11-01T14:00:52.2895000Z [1] [BOOK]
         0        431    59.5100                                 

2021-11-01T14:00:52.3010000Z [1] [BOOK]
         3        548    59.4800                                 

2021-11-01T14:00:52.3420000Z [1] [BOOK]
         0        373    59.5100                                 

2021-11-01T14:00:52.3769000Z [1] [BOOK]
         0        430    59.5100                                 

2021-11-01T14:00:52.4257000Z [1] [BOOK]
                                    59.5600      1,320          4

2021-11-01T14:00:52.4870000Z [1] [BOOK]
                                    59.5600      1,074          4

2021-11-01T14:00:52.4870000Z [1] [BOOK]
                                    59.5600        926          4

2021-11-01T14:00:52.4870000Z [1] [BOOK]
                                    59.5400        614          2

2021-11-01T14:00:52.5293000Z [1] [BOOK]
                                    59.5400        752          2

2021-11-01T14:00:52.5709000Z [1] [BOOK]
                                    59.5400        971          2

2021-11-01T14:00:52.6077000Z [1] [BOOK]
                                    59.5300        513          0
                                    59.5400        971          1
                                    59.5500      1,367          2
                                    59.5600        926          3
                                    59.5700        983          4
                                    59.5800      1,033          5
                                    59.5900      1,006          6
                                    59.6000        803          7
                                    59.6100      2,035          8
                                    59.6200        828          9

2021-11-01T14:00:52.6077000Z [1] [BOOK]
                                    59.5500      1,266          2

2021-11-01T14:00:52.6077000Z [1] [BOOK]
         0        546    59.5100                                 

2021-11-01T14:00:52.6077000Z [1] [BOOK]
         0        741    59.5100                                 

2021-11-01T14:00:52.6077000Z [1] [BOOK]
         0        776    59.5100                                 

2021-11-01T14:00:52.6077000Z [1] [BOOK]
         1        683    59.5000                                 

2021-11-01T14:00:52.6077000Z [1] [BOOK]
         0        741    59.5100                                 

2021-11-01T14:00:52.6077000Z [1] [BOOK]
                                    59.5600        836          3

2021-11-01T14:00:52.6077000Z [0] [TRADE]
106@59.52 Id=1400525833532485952 Condition=0

2021-11-01T14:00:52.9125000Z [1] [BOOK]
                                    59.5300        570          0

2021-11-01T14:00:52.9125000Z [1] [BOOK]
                                    59.5300        668          0

2021-11-01T14:00:52.9125000Z [1] [BOOK]
                                    59.5300        725          0

2021-11-01T14:00:52.9125000Z [1] [BOOK]
         0        625    59.5100                                 

2021-11-01T14:00:52.9125000Z [1] [BOOK]
         0        568    59.5100                                 

2021-11-01T14:00:52.9125000Z [1] [BOOK]
                                    59.5300        760          0

2021-11-01T14:00:52.9631000Z [1] [BOOK]
                                    59.5300        703          0

2021-11-01T14:00:52.9631000Z [1] [BOOK]
                                    59.5300        646          0

2021-11-01T14:00:52.9631000Z [1] [BOOK]
         0        625    59.5100                                 

2021-11-01T14:00:52.9945000Z [1] [BOOK]
                                    59.5900      1,004          6

2021-11-01T14:00:52.9945000Z [1] [BOOK]
                                    59.5300        548          0

2021-11-01T14:00:52.9945000Z [1] [BOOK]
                                    59.5300        513          0

2021-11-01T14:00:52.9945000Z [1] [BOOK]
                                    59.5300        413          0

2021-11-01T14:00:52.9945000Z [1] [BOOK]
         0        125    59.5200                                 
         1        625    59.5100                                 
         2        683    59.5000                                 
         3      1,013    59.4900                                 
         4        548    59.4800                                 
         5        820    59.4700                                 
         6        820    59.4600                                 
         7      2,343    59.4500                                 
         8        727    59.4400                                 
         9        977    59.4300                                 

2021-11-01T14:00:52.9945000Z [1] [BOOK]
         1        660    59.5100                                 

2021-11-01T14:00:52.9945000Z [1] [BOOK]
         1        776    59.5100                                 

2021-11-01T14:00:52.9969000Z [1] [BOOK]
         1        741    59.5100                                 

2021-11-01T14:00:52.9969000Z [1] [BOOK]
         2        585    59.5000                                 

2021-11-01T14:00:52.9969000Z [1] [BOOK]
         2        526    59.5000                                 

2021-11-01T14:00:52.9969000Z [1] [BOOK]
         0        741    59.5100                                 
         1        526    59.5000                                 
         2      1,013    59.4900                                 
         3        548    59.4800                                 
         4        820    59.4700                                 
         5        820    59.4600                                 
         6      2,343    59.4500                                 
         7        727    59.4400                                 
         8        977    59.4300                                 
         9        287    59.4200                                 

2021-11-01T14:00:53.0329000Z [0] [TRADE]
125@59.52 Id=1400529900046665952 Condition=0

2021-11-01T14:00:53.0362000Z [1] [BOOK]
                                    59.5300        470          0

2021-11-01T14:00:53.0362000Z [1] [BOOK]
                                    59.5300        413          0

2021-11-01T14:00:53.0362000Z [1] [BOOK]
                                    59.5300        511          0

2021-11-01T14:00:53.0362000Z [1] [BOOK]
                                    59.5300        413          0

2021-11-01T14:00:53.1002000Z [1] [BOOK]
                                    59.5300        448          0

2021-11-01T14:00:53.1002000Z [1] [BOOK]
                                    59.5300        505          0

2021-11-01T14:00:53.1749000Z [1] [BOOK]
                                    59.5300        448          0

2021-11-01T14:00:53.1749000Z [1] [BOOK]
                                    59.5300        505          0

2021-11-01T14:00:53.1768000Z [1] [BOOK]
         0        625    59.5100                                 

2021-11-01T14:00:53.1768000Z [1] [BOOK]
         0        430    59.5100                                 

2021-11-01T14:00:53.1768000Z [1] [BOOK]
                                    59.5300        603          0

2021-11-01T14:00:53.1768000Z [1] [BOOK]
                                    59.5300        660          0

2021-11-01T14:00:53.1768000Z [1] [BOOK]
                                    59.5300        603          0

2021-11-01T14:00:53.1842000Z [1] [BOOK]
                                    59.5300        505          0

2021-11-01T14:00:54.1750000Z [1] [BOOK]
                                    59.5300        448          0

2021-11-01T14:00:54.1750000Z [1] [BOOK]
         0        508    59.5100                                 

2021-11-01T14:00:54.1750000Z [1] [BOOK]
         0        546    59.5100                                 

2021-11-01T14:00:54.2671000Z [1] [BOOK]
                                    59.5300        504          0

2021-11-01T14:00:54.2671000Z [1] [BOOK]
                                    59.5300        602          0

2021-11-01T14:00:54.2671000Z [1] [BOOK]
                                    59.5300        658          0

2021-11-01T14:00:54.2671000Z [1] [BOOK]
                                    59.5300        602          0

2021-11-01T14:00:54.2671000Z [1] [BOOK]
                                    59.5300        504          0

2021-11-01T14:00:54.3338000Z [1] [BOOK]
                                    59.5300        538          0

2021-11-01T14:00:54.3698000Z [1] [BOOK]
                                    59.5400        936          1

2021-11-01T14:00:54.3698000Z [1] [BOOK]
                                    59.5300        594          0

2021-11-01T14:00:54.3698000Z [1] [BOOK]
                                    59.5300        692          0

2021-11-01T14:00:54.4138000Z [1] [BOOK]
                                    59.5300        594          0

2021-11-01T14:00:54.4138000Z [1] [BOOK]
                                    59.5300        538          0

2021-11-01T14:00:55.0133000Z [1] [BOOK]
                                    59.5800      1,035          5

2021-11-01T14:00:55.1358000Z [1] [BOOK]
                                    59.5300        594          0

2021-11-01T14:00:55.1358000Z [1] [BOOK]
                                    59.5300        692          0

2021-11-01T14:00:55.1358000Z [1] [BOOK]
         0        421    59.5100                                 

2021-11-01T14:00:55.1358000Z [1] [BOOK]
         0        364    59.5100                                 

2021-11-01T14:00:55.1358000Z [1] [BOOK]
         0        326    59.5100                                 

2021-11-01T14:00:55.1358000Z [1] [BOOK]
         0        248    59.5100                                 

2021-11-01T14:00:55.1358000Z [1] [BOOK]
                                    59.5200        125          0
                                    59.5300        692          1
                                    59.5400        936          2
                                    59.5500      1,266          3
                                    59.5600        836          4
                                    59.5700        983          5
                                    59.5800      1,035          6
                                    59.5900      1,004          7
                                    59.6000        803          8
                                    59.6100      2,035          9

2021-11-01T14:00:55.1358000Z [1] [BOOK]
                                    59.5300        887          1

2021-11-01T14:00:55.1358000Z [1] [BOOK]
                                    59.5200        181          0

2021-11-01T14:00:55.1358000Z [1] [BOOK]
                                    59.5200        125          0

2021-11-01T14:00:55.1358000Z [1] [BOOK]
         0         98    59.5100                                 

2021-11-01T14:00:55.1358000Z [1] [BOOK]
         0        526    59.5000                                 
         1      1,013    59.4900                                 
         2        548    59.4800                                 
         3        820    59.4700                                 
         4        820    59.4600                                 
         5      2,343    59.4500                                 
         6        727    59.4400                                 
         7        977    59.4300                                 
         8        287    59.4200                                 
         9      3,958    59.4100                                 

2021-11-01T14:00:55.1358000Z [1] [BOOK]
         0        331    59.5000                                 

2021-11-01T14:00:55.1358000Z [1] [BOOK]
         2        447    59.4800                                 

2021-11-01T14:00:55.1358000Z [1] [BOOK]
         1        778    59.4900                                 

2021-11-01T14:00:55.1358000Z [1] [BOOK]
         1        636    59.4900                                 

2021-11-01T14:00:55.1358000Z [1] [BOOK]
         0        231    59.5000                                 

2021-11-01T14:00:55.1358000Z [1] [BOOK]
                                    59.5200        160          0

2021-11-01T14:00:55.1358000Z [1] [BOOK]
                                    59.5300        852          1

2021-11-01T14:00:55.1358000Z [1] [BOOK]
                                    59.5100        130          0
                                    59.5200        160          1
                                    59.5300        852          2
                                    59.5400        936          3
                                    59.5500      1,266          4
                                    59.5600        836          5
                                    59.5700        983          6
                                    59.5800      1,035          7
                                    59.5900      1,004          8
                                    59.6000        803          9

2021-11-01T14:00:55.1358000Z [1] [BOOK]
                                    59.5500      1,350          4

2021-11-01T14:00:55.1358000Z [1] [BOOK]
                                    59.5200        272          1

2021-11-01T14:00:55.1358000Z [1] [BOOK]
                                    59.5200        467          1

2021-11-01T14:00:55.1358000Z [1] [BOOK]
                                    59.5300        796          2

2021-11-01T14:00:55.1358000Z [1] [BOOK]
                                    59.5300        698          2

2021-11-01T14:00:55.1358000Z [1] [BOOK]
                                    59.5300        642          2

2021-11-01T14:00:55.1358000Z [1] [BOOK]
                                    59.5500      1,440          4

2021-11-01T14:00:55.1358000Z [1] [BOOK]
         2        670    59.4800                                 

2021-11-01T14:00:55.1395000Z [1] [BOOK]
                                    59.5400      1,037          3

2021-11-01T14:00:55.1395000Z [0] [TRADE]
150@59.51 Id=1400551203717535951 Condition=0

2021-11-01T14:00:55.1395000Z [0] [TRADE]
98@59.51 Id=1400551203717535951 Condition=0

2021-11-01T14:00:55.1462000Z [1] [BOOK]
         2        812    59.4800                                 

2021-11-01T14:00:55.1633000Z [1] [BOOK]
         0        286    59.5000                                 

2021-11-01T14:00:55.1633000Z [1] [BOOK]
         0        231    59.5000                                 

2021-11-01T14:00:55.1633000Z [1] [BOOK]
                                    59.5100        185          0

2021-11-01T14:00:55.1633000Z [1] [BOOK]
         3        736    59.4700                                 

2021-11-01T14:00:55.1633000Z [1] [BOOK]
                                    59.5100        130          0

2021-11-01T14:00:55.1633000Z [1] [BOOK]
                                    59.5200        467          0
                                    59.5300        642          1
                                    59.5400      1,037          2
                                    59.5500      1,440          3
                                    59.5600        836          4
                                    59.5700        983          5
                                    59.5800      1,035          6
                                    59.5900      1,004          7
                                    59.6000        803          8
                                    59.6100      2,035          9

2021-11-01T14:00:55.1633000Z [1] [BOOK]
         0        329    59.5000                                 

2021-11-01T14:00:55.1696000Z [1] [BOOK]
                                    59.5200        272          0

2021-11-01T14:00:55.1696000Z [1] [BOOK]
                                    59.5400        936          2

2021-11-01T14:00:55.1719000Z [1] [BOOK]
         3        820    59.4700                                 

2021-11-01T14:00:55.1971000Z [1] [BOOK]
                                    59.5200        365          0

2021-11-01T14:00:55.2132000Z [1] [BOOK]
                                    59.5200        420          0

2021-11-01T14:00:55.2132000Z [1] [BOOK]
                                    59.5200        475          0

2021-11-01T14:00:55.2132000Z [1] [BOOK]
                                    59.5200        573          0

2021-11-01T14:00:55.2752000Z [1] [BOOK]
                                    59.5500      1,541          3

2021-11-01T14:00:55.2752000Z [1] [BOOK]
                                    59.5600        926          4

2021-11-01T14:00:55.2752000Z [1] [BOOK]
         0        384    59.5000                                 

2021-11-01T14:00:55.2752000Z [1] [BOOK]
                                    59.5200        518          0

2021-11-01T14:00:55.2857000Z [1] [BOOK]
                                    59.5200        406          0

2021-11-01T14:00:55.2871000Z [1] [BOOK]
                                    59.5200        351          0

2021-11-01T14:00:55.2871000Z [1] [BOOK]
                                    59.5500      1,457          3

2021-11-01T14:00:55.5982000Z [1] [BOOK]
                                    59.5200        253          0

2021-11-01T14:00:55.5982000Z [1] [BOOK]
                                    59.5500      1,367          3

2021-11-01T14:00:55.5982000Z [1] [BOOK]
         0        579    59.5000                                 

2021-11-01T14:00:55.8766000Z [1] [BOOK]
                                    59.5200        318          0

2021-11-01T14:00:55.8766000Z [1] [BOOK]
         0        384    59.5000                                 

2021-11-01T14:00:56.0204000Z [1] [BOOK]
                                    59.5700      1,151          5

2021-11-01T14:00:56.1121000Z [1] [BOOK]
                                    59.5200        371          0

2021-11-01T14:00:56.1121000Z [1] [BOOK]
                                    59.5200        318          0

2021-11-01T14:00:56.3738000Z [1] [BOOK]
                                    59.5200        225          0

2021-11-01T14:00:56.3738000Z [1] [BOOK]
         0        436    59.5000                                 

2021-11-01T14:00:56.3738000Z [1] [BOOK]
         0        384    59.5000                                 

2021-11-01T14:00:56.8997000Z [1] [BOOK]
                                    59.5200        100          0

2021-11-01T14:00:56.8997000Z [1] [BOOK]
         0        579    59.5000                                 

2021-11-01T14:00:56.8997000Z [1] [BOOK]
                                    59.5200         65          0

2021-11-01T14:00:56.8997000Z [1] [BOOK]
                                    59.5300        642          0
                                    59.5400        936          1
                                    59.5500      1,367          2
                                    59.5600        926          3
                                    59.5700      1,151          4
                                    59.5800      1,035          5
                                    59.5900      1,004          6
                                    59.6000        803          7
                                    59.6100      2,035          8
                                    59.6200        828          9

2021-11-01T14:00:56.8997000Z [1] [BOOK]
                                    59.5300        526          0

2021-11-01T14:00:56.8997000Z [1] [BOOK]
                                    59.5300        624          0

2021-11-01T14:00:56.8997000Z [1] [BOOK]
                                    59.5300        675          0

2021-11-01T14:00:56.8997000Z [1] [BOOK]
         0        614    59.5000                                 

2021-11-01T14:00:56.8997000Z [1] [BOOK]
         0        579    59.5000                                 

2021-11-01T14:00:56.8997000Z [1] [BOOK]
                                    59.5300        726          0

2021-11-01T14:00:56.8997000Z [1] [BOOK]
                                    59.5300        531          0

2021-11-01T14:00:56.8997000Z [1] [BOOK]
                                    59.5300        577          0

2021-11-01T14:00:56.8997000Z [1] [BOOK]
                                    59.5300        526          0

2021-11-01T14:00:56.8997000Z [1] [BOOK]
                                    59.5600        836          3

2021-11-01T14:00:56.9011000Z [0] [TRADE]
65@59.52 Id=1400568845353535952 Condition=0

2021-11-01T14:00:56.9228000Z [1] [BOOK]
                                    59.5300        475          0

2021-11-01T14:00:56.9228000Z [1] [BOOK]
                                    59.5300        377          0

2021-11-01T14:00:56.9228000Z [1] [BOOK]
                                    59.5300        331          0

2021-11-01T14:00:56.9245000Z [1] [BOOK]
         0         42    59.5100                                 
         1        579    59.5000                                 
         2        636    59.4900                                 
         3        812    59.4800                                 
         4        820    59.4700                                 
         5        820    59.4600                                 
         6      2,343    59.4500                                 
         7        727    59.4400                                 
         8        977    59.4300                                 
         9        287    59.4200                                 

2021-11-01T14:00:56.9245000Z [1] [BOOK]
                                    59.5500      1,266          2

2021-11-01T14:00:56.9245000Z [1] [BOOK]
         0        116    59.5100                                 

2021-11-01T14:00:56.9245000Z [1] [BOOK]
         3        913    59.4800                                 

2021-11-01T14:00:56.9500000Z [1] [BOOK]
         0        214    59.5100                                 

2021-11-01T14:00:56.9500000Z [1] [BOOK]
         0        265    59.5100                                 

2021-11-01T14:00:56.9588000Z [1] [BOOK]
                                    59.5300        382          0

2021-11-01T14:00:57.0122000Z [1] [BOOK]
                                    59.5300        331          0

2021-11-01T14:00:57.0122000Z [1] [BOOK]
         0        460    59.5100                                 

2021-11-01T14:00:57.0122000Z [1] [BOOK]
         0        125    59.5200                                 
         1        460    59.5100                                 
         2        579    59.5000                                 
         3        636    59.4900                                 
         4        913    59.4800                                 
         5        820    59.4700                                 
         6        820    59.4600                                 
         7      2,343    59.4500                                 
         8        727    59.4400                                 
         9        977    59.4300                                 

2021-11-01T14:00:57.0122000Z [1] [BOOK]
         3        720    59.4900                                 

2021-11-01T14:00:57.0122000Z [1] [BOOK]
         2        524    59.5000                                 

2021-11-01T14:00:57.0122000Z [1] [BOOK]
         2        426    59.5000                                 

2021-11-01T14:00:57.0122000Z [1] [BOOK]
                                    59.5300        366          0

2021-11-01T14:00:57.0508000Z [1] [BOOK]
         3        821    59.4900                                 

2021-11-01T14:00:57.0508000Z [1] [BOOK]
                                    59.5300        416          0

2021-11-01T14:00:57.0508000Z [1] [BOOK]
         0        460    59.5100                                 
         1        426    59.5000                                 
         2        821    59.4900                                 
         3        913    59.4800                                 
         4        820    59.4700                                 
         5        820    59.4600                                 
         6      2,343    59.4500                                 
         7        727    59.4400                                 
         8        977    59.4300                                 
         9        287    59.4200                                 

2021-11-01T14:00:57.0508000Z [1] [BOOK]
         2        737    59.4900                                 

2021-11-01T14:00:57.0508000Z [1] [BOOK]
         2        636    59.4900                                 

2021-11-01T14:00:57.0508000Z [1] [BOOK]
         0        585    59.5100                                 

2021-11-01T14:00:57.0508000Z [1] [BOOK]
                                    59.5300        366          0

2021-11-01T14:00:58.0065000Z [1] [BOOK]
         0        221    59.5200                                 
         1        585    59.5100                                 
         2        426    59.5000                                 
         3        636    59.4900                                 
         4        913    59.4800                                 
         5        820    59.4700                                 
         6        820    59.4600                                 
         7      2,343    59.4500                                 
         8        727    59.4400                                 
         9        977    59.4300                                 

2021-11-01T14:00:58.0840000Z [1] [BOOK]
         3        737    59.4900                                 

2021-11-01T14:00:58.0840000Z [1] [BOOK]
         3        821    59.4900                                 

2021-11-01T14:00:58.2404000Z [1] [BOOK]
                                    59.5500      1,117          2

2021-11-01T14:00:58.2404000Z [1] [BOOK]
                                    59.5400      1,086          1

2021-11-01T14:00:58.5766000Z [1] [BOOK]
                                    59.5300        464          0

2021-11-01T14:00:58.5780000Z [0] [TRADE]
221@59.52 Id=1400585688276605952 Condition=0

2021-11-01T14:00:58.5863000Z [1] [BOOK]
         0        585    59.5100                                 
         1        426    59.5000                                 
         2        821    59.4900                                 
         3        913    59.4800                                 
         4        820    59.4700                                 
         5        820    59.4600                                 
         6      2,343    59.4500                                 
         7        727    59.4400                                 
         8        977    59.4300                                 
         9        287    59.4200                                 

2021-11-01T14:00:58.5863000Z [1] [BOOK]
         2        737    59.4900                                 

2021-11-01T14:00:58.5863000Z [1] [BOOK]
                                    59.5300        580          0

2021-11-01T14:00:58.6268000Z [1] [BOOK]
         0        390    59.5100                                 

2021-11-01T14:00:58.6268000Z [1] [BOOK]
         0        265    59.5100                                 

2021-11-01T14:00:58.6268000Z [1] [BOOK]
                                    59.5300        629          0

2021-11-01T14:00:58.6268000Z [1] [BOOK]
         0        214    59.5100                                 

2021-11-01T14:00:58.6268000Z [1] [BOOK]
                                    59.5300        678          0

2021-11-01T14:00:58.6268000Z [1] [BOOK]
         2        636    59.4900                                 

2021-11-01T14:00:58.6268000Z [1] [BOOK]
                                    59.5200        150          0
                                    59.5300        678          1
                                    59.5400      1,086          2
                                    59.5500      1,117          3
                                    59.5600        836          4
                                    59.5700      1,151          5
                                    59.5800      1,035          6
                                    59.5900      1,004          7
                                    59.6000        803          8
                                    59.6100      2,035          9

2021-11-01T14:00:58.6268000Z [1] [BOOK]
         0        172    59.5100                                 

2021-11-01T14:00:58.6268000Z [1] [BOOK]
         0         98    59.5100                                 

2021-11-01T14:00:58.6268000Z [1] [BOOK]
         0        426    59.5000                                 
         1        636    59.4900                                 
         2        913    59.4800                                 
         3        820    59.4700                                 
         4        820    59.4600                                 
         5      2,343    59.4500                                 
         6        727    59.4400                                 
         7        977    59.4300                                 
         8        287    59.4200                                 
         9      3,958    59.4100                                 

2021-11-01T14:00:58.6268000Z [1] [BOOK]
         2        812    59.4800                                 

2021-11-01T14:00:58.6268000Z [1] [BOOK]
                                    59.5300        678          0
                                    59.5400      1,086          1
                                    59.5500      1,117          2
                                    59.5600        836          3
                                    59.5700      1,151          4
                                    59.5800      1,035          5
                                    59.5900      1,004          6
                                    59.6000        803          7
                                    59.6100      2,035          8
                                    59.6200        828          9

2021-11-01T14:00:58.6268000Z [1] [BOOK]
                                    59.5300        873          0

2021-11-01T14:00:58.6268000Z [1] [BOOK]
                                    59.5600        926          3

2021-11-01T14:00:58.6268000Z [1] [BOOK]
                                    59.5300        678          0

2021-11-01T14:00:58.6268000Z [1] [BOOK]
         2        913    59.4800                                 

2021-11-01T14:00:58.6268000Z [1] [BOOK]
                                    59.5500      1,218          2

2021-11-01T14:00:58.6268000Z [1] [BOOK]
         0        465    59.5000                                 

2021-11-01T14:00:58.6663000Z [1] [BOOK]
         0        563    59.5000                                 

2021-11-01T14:00:58.6663000Z [1] [BOOK]
         0        612    59.5000                                 

2021-11-01T14:00:58.7306000Z [1] [BOOK]
                                    59.5400      1,166          1

2021-11-01T14:00:58.8673000Z [1] [BOOK]
                                    59.5600        836          3

2021-11-01T14:00:59.2226000Z [1] [BOOK]
                                    59.5300        629          0

2021-11-01T14:00:59.2226000Z [1] [BOOK]
                                    59.5300        580          0

2021-11-01T14:00:59.2226000Z [1] [BOOK]
                                    59.5300        630          0

2021-11-01T14:00:59.2226000Z [1] [BOOK]
                                    59.5300        580          0

2021-11-01T14:00:59.2226000Z [1] [BOOK]
         0        662    59.5000                                 

2021-11-01T14:00:59.2226000Z [1] [BOOK]
         0        612    59.5000                                 

2021-11-01T14:00:59.4195000Z [1] [BOOK]
                                    59.5300        630          0

2021-11-01T14:00:59.4195000Z [1] [BOOK]
                                    59.5300        680          0

2021-11-01T14:00:59.4195000Z [1] [BOOK]
                                    59.5300        630          0

2021-11-01T14:00:59.5008000Z [1] [BOOK]
                                    59.5300        580          0

2021-11-01T14:00:59.5408000Z [1] [BOOK]
                                    59.5300        630          0

2021-11-01T14:00:59.5408000Z [1] [BOOK]
                                    59.5300        680          0
